06607250215
06605570719
06991382061
06885008042
06769810955
06648764892
06605607897
06506233821
06502282834
06509547905
06762916325
06648581391
06888184049
06882161698
06814167439
06885411526
06602560899
06997167571
06993343242
06884023908
06993799470
06643203088
06509558549
06886668603
06769906730
06808037434
06997359331
06991211795
06886974682
06815715670
06889869183
06882733914
06887930084
06888526664
06881932404
06601109418
06814372103
06994230390
06507735371
06992648772
06603243266
06815133200
06888826649
06507217072
06644074816
06817877612
06644136677
06761675956
06603678113
06607985772
06882399555
06762561648
06802346055
06602345223
06815327129
06601214633
06803440549
06809935178
06509342525
06645610618
06881761921
06644505361
06815223062
06606995322
06505551877
06508995305
06882123803
06802448225
06643161786
06813162202
06817198109
06768768650
06802175646
06801698171
06509952929
06507519431
06997877493
06804311136
06883376605
06762638768
06509151606
06818099131
06816505127
06601225110
06645705270
06814826235
06607342767
06765970328
06882642660
06882948557
06505608952
06646041618
06509911044
06647414997
06996605519
06641754137
06604087465
06503242295
06811777692
06761863343