34.99
38.99
37.99
35.99
32.99
31.99
21.99
23.49
27.99
20.99
22.99
23.99
26.99
24.99
29.99
28.99
9.99
11.49
13.59
12.99
9.89
15.99
18.99
14.79
12.89
18.49
14.79
5.59
21.49
8.59
8.99
30.00
4.00
29.00
26.00
64.00
62.00
88.00
42.99
56.00
53.00
26.59
8.00
19.99
6.59
7.19
8.19
32.19
26.19
18.19
19.19
85.19
49.19
43.19
21.19
75.19
7.09
18.09
19.09
23.09
51.09
55.99
37.00
33.50
40.50
82.50
43.50
65.50
59.50
14.50
27.50
59.50
20.50
70.50
57.50
75.50
11.50
7.50
8.50
18.50
15.50
13.50
27.50
13.50
10.00
20.00
30.00
47.00
54.00
68.00
28.00
22.00
16.00
13.49
55.99
39.00
14.00
29.00
7.00
9.00